20120628.203003  56106.8542060648  -7.749
20120628.203037  56106.8545984259  -3.840
20120628.203111  56106.8549850000   2.102
20120628.203113  56106.8550104630  -1.680
20120628.203126  56106.8551562963  -5.665
20120628.203130  56106.8552025926 -10.494
20120628.203229  56106.8558877778  -0.341
20120628.203301  56106.8562569907  -7.171
20120628.203337  56106.8566759722  -2.659
20120628.203340  56106.8567095370 -13.734
20120628.203415  56106.8571134722   0.675
20120628.203436  56106.8573646296  -1.658
20120628.203443  56106.8574398611 -11.435
20120628.203444  56106.8574514352  -0.687
20120628.203548  56106.8581956482 -14.228
20120628.203550  56106.8582211111  -8.995
20120628.203610  56106.8584491204   3.770
20120628.203640  56106.8588009722  -0.313
20120628.203653  56106.8589514352 -12.462
20120628.203819  56106.8599444907  -4.414
20120628.203846  56106.8602500463  -8.391
20120728.192945  56136.8123310648 -83.774
20120728.193021  56136.8127384722 -85.036
20120728.193025  56136.8127928704 -94.577
20120728.193028  56136.8128194907 -81.846
20120728.193109  56136.8132975000 -85.848
20120728.193125  56136.8134826852 -81.618
20120728.193133  56136.8135729630 -84.452
20120728.193159  56136.8138715741 -96.994
20120728.193204  56136.8139340741 -89.589
20120728.193259  56136.8145718056 -77.809
20120728.193306  56136.8146516667 -89.834
20120728.193307  56136.8146620833 -87.697
20120728.193408  56136.8153681019 -82.974
20120728.193419  56136.8154977315 -82.335
20120728.193452  56136.8158773611 -91.900
20120728.193510  56136.8160926389 -84.215
20120728.193515  56136.8161447222 -87.510
20120728.193523  56136.8162338426 -84.663
20120728.193523  56136.8162407870 -88.352
20120728.193527  56136.8162893981 -98.657
20120728.193549  56136.8165428704 -85.368
20120728.193608  56136.8167569907 -89.152
20120728.193620  56136.8168993518 -81.865
20120728.193636  56136.8170799074 -94.046
20120728.193653  56136.8172801389 -80.958
20120728.193707  56136.8174375463 -92.771
20120728.193744  56136.8178646296 -82.668
20120728.193802  56136.8180741204 -77.140
20120728.193808  56136.8181424074 -85.773
20120728.193812  56136.8181921759 -82.834
20120728.193846  56136.8185845370 -86.161
20120728.193900  56136.8187465741 -84.460
20120728.193919  56136.8189745833 -86.545
20120728.193921  56136.8189942593 -88.552
20120728.194033  56136.8198252778 -83.427
20120728.194041  56136.8199236574 -81.428
20120728.194044  56136.8199537500 -84.514
20120728.194051  56136.8200347685 -84.684
20120728.194051  56136.8200393981 -96.808
20120728.200351  56136.8360058333 -53.550
20120728.200408  56136.8362072222 -58.253
20120728.200429  56136.8364514352 -68.496
20120728.200453  56136.8367199537 -49.605
20120728.200512  56136.8369468056 -59.501
20120728.200647  56136.8380486574 -70.662
20120728.200732  56136.8385625463 -56.697
20120728.200805  56136.8389421759 -52.400
20120728.200828  56136.8392176389 -71.504
20120728.200909  56136.8396910185 -65.480
20120728.201109  56136.8410706481 -61.259
20120728.201116  56136.8411620833 -67.236
20120728.201130  56136.8413148611 -51.694
20120728.201144  56136.8414768981 -50.552
20120728.201212  56136.8418056018 -60.123
20120728.201230  56136.8420093056 -54.080
20120728.201357  56136.8430220370 -66.384
20120728.201358  56136.8430370833 -60.441
20120728.201538  56136.8441910185 -74.180
20120728.201630  56136.8447870833 -66.280
20120728.201825  56136.8461215741 -61.723
20120728.201842  56136.8463194907 -67.505
20120728.201843  56136.8463252778 -68.665
20120728.201907  56136.8466111574 -64.662
20120728.201912  56136.8466690278 -61.238
20120728.201917  56136.8467234259 -56.387
20120728.201939  56136.8469780556 -62.800
20120809.011349  56148.0512581481  -2.379
20120809.011638  56148.0532153241  -3.531
20120809.011733  56148.0538588426  16.203
20120809.011758  56148.0541481944  16.190
20120809.011759  56148.0541551389   0.225
20120809.011816  56148.0543461111  17.237
20120809.011831  56148.0545255093  18.177
20120809.011854  56148.0547917130   4.288
20120809.011911  56148.0549907870  14.806
20120809.011938  56148.0552963426  15.596
20120809.011952  56148.0554583796  17.213
20120809.012020  56148.0557836111  17.932
20120809.012050  56148.0561285185  15.571
20120809.012109  56148.0563576852  15.133
20120809.012146  56148.0567778241  17.635
20120809.012152  56148.0568553704  16.577
20120809.012220  56148.0571782870  16.103
20120809.012237  56148.0573738889  25.370
20120809.012314  56148.0578044444  18.390
20120809.024105  56148.1118611574  19.910
20120809.024113  56148.1119560648  19.723
20120809.024129  56148.1121424074  17.979
20120809.024131  56148.1121690278  20.156
20120809.024153  56148.1124143982  18.165
20120809.024210  56148.1126111574  20.200
20120809.024247  56148.1130486574  19.965
20120809.024250  56148.1130752778  21.296
20120809.024250  56148.1130775926  19.377
20120809.024259  56148.1131829167  21.766
20120809.024330  56148.1135428704  19.562
20120809.024337  56148.1136181019  19.779
20120809.024341  56148.1136667130  19.096
20120809.024355  56148.1138287500  19.960
20120809.024436  56148.1143032870  18.002
20120809.024453  56148.1144988889  21.483
20120809.024505  56148.1146377778  17.399
20120809.024518  56148.1147928704  20.312
20120809.024649  56148.1158484259  20.374
20120809.024652  56148.1158785185  18.409
20120809.024720  56148.1162014352  22.743
20120809.024726  56148.1162685648  21.024
20120809.024741  56148.1164444907  19.263
20120809.024749  56148.1165428704  20.636
20120809.024752  56148.1165718056  18.838
20120809.024806  56148.1167326852  21.575
20120809.024807  56148.1167465741  17.440
20120809.024808  56148.1167581481  19.795
20120809.024820  56148.1168947222  18.549
20120809.024829  56148.1169988889  26.511
20120809.024843  56148.1171655556  30.771
20120809.024844  56148.1171748148  18.243
20120809.024858  56148.1173380093  20.145
20120809.024923  56148.1176308333  19.143
20120809.024940  56148.1178287500  19.808
20120809.024948  56148.1179190278  21.966
20120809.025027  56148.1183715741  21.035
20120809.025046  56148.1185891667  19.185
20120809.025059  56148.1187338426  21.292
20120809.025105  56148.1188125463  19.104
20120809.025122  56148.1190069907  20.038
20120809.025153  56148.1193681018  17.420
20120809.025218  56148.1196528241  18.085
20120809.025224  56148.1197176389  21.592
20120809.025242  56148.1199294444  20.720
20120809.025243  56148.1199398611  19.688
20120809.025246  56148.1199780556  22.999
20170914.033614  58010.1501586111  20.869
20170914.033620  58010.1502326852  14.010
20170914.033722  58010.1509537500  13.753
20170914.033954  58010.1527118518  14.513
20170914.034009  58010.1528808333  16.411
20170914.034217  58010.1543623148  13.589
20170914.034251  58010.1547523611  16.206
20170914.034441  58010.1560278241  18.899
20170914.034451  58010.1561424074  18.608
20170914.034456  58010.1562002778  16.446
20170914.034525  58010.1565417130  14.531
20170914.034538  58010.1566887037  13.700
20170914.034545  58010.1567743519  18.040
20170914.034608  58010.1570382407  20.232
20170914.034659  58010.1576319907  22.339
20170914.034733  58010.1580231944  21.611
20170914.034735  58010.1580463426  16.090
20170914.034742  58010.1581204167  20.871
20170914.034801  58010.1583461111  19.622
20170914.034813  58010.1584792130  14.969
20170914.034828  58010.1586539815  15.922
20170914.034839  58010.1587812963  17.928
20170914.034903  58010.1590648611  23.201
20170914.034920  58010.1592627778  19.995
20170914.034939  58010.1594734259   3.321
20170914.035000  58010.1597268981  15.743
20170914.035116  58010.1606065278  13.171
20170914.035133  58010.1607940278  22.058
20170914.035140  58010.1608773611  20.907
20170914.035152  58010.1610197222  16.515
20170914.035517  58010.1633935648  18.836
20171013.033940  58039.1525451852  22.159
20171013.033944  58039.1525891667  23.358
20171013.033947  58039.1526296759  20.117
20171013.033952  58039.1526794444  22.623
20171013.033957  58039.1527373148  26.855
20171013.034056  58039.1534225000  21.558
20171013.034111  58039.1536007407  24.927
20171013.034112  58039.1536134722  22.006
20171013.034113  58039.1536227315  19.930
20171013.034134  58039.1538657870  23.980
20171013.034146  58039.1540093056  21.766
20171013.034255  58039.1547975000  25.219
20171013.034259  58039.1548461111  22.838
20171013.034320  58039.1550891667  24.795
20171013.034320  58039.1550949537  23.573
20171013.034326  58039.1551643982  21.975
20171013.034331  58039.1552211111  21.576
20171013.034407  58039.1556377778  20.131
20171013.034436  58039.1559722685  24.928
20171013.034528  58039.1565694907  23.678
20171013.034537  58039.1566725000  24.946
20171013.034554  58039.1568796759  24.953
20171013.034603  58039.1569838426  19.592
20171013.034633  58039.1573310648  21.901
20171013.034635  58039.1573542130  21.481
20171013.034702  58039.1576609259  21.436
20171013.034714  58039.1578044444  22.169
20171013.034737  58039.1580706481  21.216
20171013.034742  58039.1581227315  21.965
20171013.034811  58039.1584606944  18.966
20171013.034906  58039.1590949537  26.971
20171013.034919  58039.1592431019  23.652
20171013.034928  58039.1593507407  21.763
20171013.034939  58039.1594792130  21.021
20171013.034947  58039.1595741204  23.494
20171013.035017  58039.1599132407  19.719
20171013.035030  58039.1600637037  26.748
20171013.035046  58039.1602546759  29.528
20171013.035101  58039.1604225000  20.083
20171013.035128  58039.1607396296  24.360
20171013.035219  58039.1613322222  19.413
20171013.035229  58039.1614410185  22.758
20171013.035231  58039.1614641667  18.587
20171013.035233  58039.1614896296  21.604
20171013.035254  58039.1617315278  27.373
20171013.035256  58039.1617593056  21.590
20171013.035303  58039.1618380093  23.798
20171013.035306  58039.1618692593  24.670
